100
35 0 0 4
37 10 25 0
24 36 0 30
38 0 9 37
-1 6 34 -42
22 0 0 19
-5 9 -25 -2
27 0 39 0
15 0 0 1
-7 -10 11 -18
0 0 18 0
19 0 0 0
-43 -18 17 41
-31 -3 46 9
4 1 31 0
-12 -34 -3 -35
20 0 0 0
-45 -27 33 0
-13 -10 -11 13
34 0 11 37
7 0 14 0
0 39 -48 10
3 37 0 3
21 41 18 46
41 45 0 0
27 0 20 39
-3 14 10 -39
-42 -36 42 -35
49 0 0 33
12 30 0 13
-19 17 16 -34
0 0 16 0
12 44 49 0
32 18 0 0
12 22 41 23
-30 9 -7 -12
-5 0 -37 -23
-3 2 24 -19
-19 -8 13 -28
47 16 31 0
26 0 6 0
-2 31 36 11
-49 42 -1 -5
21 0 0 0
-14 -27 8 31
-11 15 -39 -36
37 9 45 30
12 0 29 39
-30 28 -18 -15
-17 -15 -23 37
-22 -31 -47 2
-23 14 -46 20
29 0 0 0
1 13 23 0
5 0 29 0
44 48 26 10
20 21 0 10
3 42 23 0
24 0 7 35
-24 -40 -33 19
-38 -11 -1 10
46 0 0 36
-8 21 -17 5
38 0 40 33
8 0 5 0
-36 -28 33 -23
12 0 26 0
15 0 5 0
-13 -42 17 30
-46 4 -41 15
13 14 0 0
-28 32 -2 -14
-8 -35 9 -41
-44 -10 -13 -25
46 14 0 2
37 0 0 0
25 26 6 12
-3 32 -49 -39
-36 -15 31 -15
11 25 29 0
-15 -46 24 24
22 0 0 13
16 10 21 10
44 0 18 0
-27 33 21 7
4 0 0 0
28 22 0 0
-1 -14 -37 45
-10 8 13 45
46 29 20 16
-33 -49 20 -47
-10 0 -41 19
7 18 0 44
-18 -3 -38 -4
21 35 0 0
-32 6 -44 -48
-19 35 -7 -44
45 0 37 0
4 0 0 0
-8 39 -48 40
